X 118587003
X 47444985
X 78426988
1 110466466
1 111489901
1 111895487
1 114515717
1 118068934
1 152079989
1 152733301
1 153012240
1 154744807
1 162470191
1 162470503
1 162498599
1 164786245
1 179520506
1 200521412
1 203055101
1 205312848
1 206759106
1 206760686
1 20977449
1 248039713
1 28211384
1 31214971
1 40145297
1 40146417
1 40147343
1 41204569
1 42880516
1 62456014
1 86195066
1 9009444
1 9161668
1 9162051
2 102018908
2 110375025
2 111851499
2 1320143
2 1499899
2 152266473
2 170099473
2 170403030
2 171073887
2 191301368
2 205912403
2 206547545
2 228736038
2 229889483
2 238236921
2 239000182
2 240898578
2 3483205
2 47085398
2 47086112
2 75113789
2 75115108
2 85570857
2 95535544
3 101576175
3 109213239
3 113804979
3 118867047
3 121346930
3 1262474
3 127432887
3 133115340
3 140178485
3 14240501
3 145788467
3 151011969
3 151546041
3 15492786
3 16974610
3 176739663
3 179137273
3 183528442
3 183558402
3 183702089
3 186509517
3 20113830
3 33434831
3 42251263
3 42787469
3 47282303
3 52720080
3 7620789
3 77696422
3 97806616
4 103173058
4 103173749
4 103174015
4 123818511
4 141787969
4 38945463
4 40158464
4 76447270
4 76453850
4 79443850
4 844035
4 90167506
4 90168572
4 953698
4 95586224
4 95588075
5 1051687
5 122727026
5 134783254
5 13691045
5 140168070
5 140168151
5 140203432
5 140228493
5 140570472
5 147475386
5 148623217
5 168133829
5 169661994
5 171481606
5 175307886
5 177683377
5 52248873
5 52248904
5 52249612
5 6372585
5 68463014
5 68715310
5 75923285
5 75932965
5 76734084
5 78074198
5 78074918
5 96254817
5 96370879
6 112423810
6 11579093
6 123103485
6 126210395
6 135285148
6 137234970
6 147106841
6 152694184
6 160872786
6 161137779
6 17834213
6 26598188
6 27326863
6 31079643
6 31079889
6 31838713
6 32605189
6 36708821
6 36708917
6 36709065
6 36921693
6 36931162
6 39041502
6 66112409
7 11581134
7 129771117
7 156447071
7 156469096
7 156469133
7 156469179
7 156469620
7 2651639
7 43549041
7 47968927
7 47971575
7 56008858
7 96810729
8 110253879
8 125061895
8 135612745
8 139824057
8 141461185
8 141461266
8 1513697
8 20106380
8 26723049
8 27925204
8 33370757
8 41121280
8 62576976
8 69020496
8 97506373
9 104172936
9 104182940
9 115950706
9 116025024
9 117846570
9 125391409
9 127909069
9 127952210
9 129453229
9 135102254
9 138905136
9 139099073
9 140128085
9 14615935
9 36169598
9 7076463
9 71688101
9 71689375
9 71690974
9 71691239
9 71692862
9 74865077
9 74969864
9 87489785
9 94486688
9 97365642
10 100217972
10 100218195
10 100218382
10 102116311
10 113916311
10 12209399
10 12211761
10 124610027
10 128019025
10 133954011
10 24873369
10 28228865
10 38239843
10 38407519
10 44052903
10 52103707
10 61716788
10 72513682
11 103780095
11 105484844
11 108239628
11 125763746
11 125828904
11 128843852
11 16133413
11 26694979
11 33053107
11 35547418
11 5172398
11 5373646
11 5617987
11 6652618
11 6739407
11 76836350
11 9003306
11 9304120
11 93847323
11 94354479
12 102793569
12 10469025
12 12240199
12 15095558
12 21590557
12 24963188
12 27788795
12 30823971
12 42840955
12 48133563
12 48375568
12 5603632
12 6929018
12 69646914
12 75437203
12 9093001
12 9315209
12 94653227
12 94972290
12 95696420
12 97346924
12 9747676
13 107821863
13 107822150
13 113699488
13 25356053
13 28577688
13 41374186
13 49883444
13 95673518
14 20755287
14 20916958
14 23299135
14 35242828
14 37147341
14 37148385
14 56765746
14 66209190
14 68042574
14 77236380
14 80669580
14 91925027
14 96558235
15 23043896
15 36871957
15 50853571
15 51698922
15 53807088
15 55837888
15 62157537
15 71125204
15 74487036
15 77907145
16 1961674
16 21008690
16 277458
16 3272391
16 83065664
17 10583714
17 15611495
17 1657899
17 18041507
17 18872337
17 34842521
17 38855772
17 43340936
17 46802008
17 47591690
17 49239518
17 64802544
17 71280075
17 73588067
17 76395421
17 76395430
17 78175483
17 80709062
17 8648103
18 21739725
18 43429966
18 47352533
18 56963742
18 722402
18 74691225
19 11326119
19 11832283
19 15662544
19 15726487
19 2514373
19 35597215
19 3740658
19 41383799
19 44090195
19 44098963
19 44981883
19 44983567
19 46734255
19 4852137
19 49899076
19 50771609
19 52033742
19 52034940
19 52249672
19 55174213
19 55715319
19 57323016
19 58200628
19 58790713
19 6677989
20 11905642
20 17474690
20 18445963
20 257320
20 2621998
20 3231340
20 52786219
20 5283376
20 5526032
20 5566109
20 57244493
20 6018711
20 60791404
20 61880169
21 15481365
21 34001496
21 39764016
21 43256252
21 46641968
21 46934826
21 47961711
22 17443238
22 21167787
22 25158326
22 31043766
22 38477930
22 39917861
22 42776609
